   69.42988       69.45680       69.52500       69.55478       69.66667    
   69.75037       69.83333       69.91667       69.87500       69.83333    
   69.75000       69.66667       69.58333       69.50000       69.43353    
   69.41703       69.41767       69.44112       69.49983       69.58288    
   69.66667       69.75000       69.66667       69.58333       69.50000    
   69.47947       69.50000       69.58333       69.54622       69.49947    
   69.50028       69.41692       69.38833       69.39167       69.33337    
   69.33333       69.30667       69.30833       69.32000       69.32167    
   69.30833       69.37167       69.46955       69.50083       69.52688    
   69.55728       69.56495       69.55378       69.52638       69.50280    
   69.47530       69.49150       69.52517       69.55333       69.57167    
   69.58083       69.55500       69.52667       69.50000       69.48000    
   69.54167       69.56867       69.59722       69.60833       69.61887    
   69.60017       69.58333       69.32130       69.33000       69.30833    
