   33.24980       33.14417       33.13887       33.26553       33.33303    
   33.25133       33.25000       33.25000       33.50000       33.50000    
   33.50000       33.50000       33.50000       33.50000       33.49603    
   33.49972       33.75188       33.74930       33.74880       33.75025    
   33.75000       33.75000       34.00000       34.00000       34.00000    
   34.00000       34.25000       34.25000       34.50045       34.74955    
   34.50092       34.25000       34.24667       34.50047       34.74978    
   34.50000       34.46328       34.25000       34.00000       33.75000    
   33.57500       33.52167       33.00047       33.00100       33.00158    
   32.99888       32.86505       32.86437       32.86222       32.86312    
   32.86345       32.74167       32.74167       32.74167       32.74167    
   32.60667       32.60667       32.60520       32.60500       32.60667    
   32.50000       32.41353       32.26050       32.10000       32.18625    
   32.36667       32.51533       34.10333       34.05333       34.38333    
